D:\GitHub\yolo3_pytorch_food/VOCdevkit/VOC2007/JPEGImages/gl_high1.jpg 251,374,276,398,0 254,413,273,430,0 254,446,271,462,0 258,476,272,492,0 260,504,270,517,0 396,370,415,386,0 398,408,415,425,0 401,449,417,464,0 404,486,419,502,0 406,525,416,538,0 241,358,286,529,1 385,358,434,555,1
D:\GitHub\yolo3_pytorch_food/VOCdevkit/VOC2007/JPEGImages/gl_high10.jpg 251,370,271,385,0 292,369,305,388,0 323,370,340,387,0 359,369,383,391,0 400,367,427,392,0 224,494,241,506,0 267,492,281,506,0 311,491,326,511,0 354,496,377,515,0 398,498,421,520,0 236,353,451,409,1 215,485,435,534,1
D:\GitHub\yolo3_pytorch_food/VOCdevkit/VOC2007/JPEGImages/gl_high2.jpg 264,371,288,393,0 266,412,285,429,0 268,445,286,461,0 268,474,281,491,0 271,503,284,515,0 408,369,430,388,0 410,408,428,425,0 415,449,429,465,0 415,487,429,502,0 418,529,431,542,0 255,356,296,531,1 399,356,445,556,1
D:\GitHub\yolo3_pytorch_food/VOCdevkit/VOC2007/JPEGImages/gl_high3.jpg 244,371,272,394,0 246,411,268,428,0 247,444,267,463,0 248,472,264,491,0 250,501,263,519,0 386,367,410,389,0 391,406,410,430,0 394,450,412,465,0 395,488,411,505,0 399,526,411,541,0 235,359,283,535,1 380,351,427,556,1
D:\GitHub\yolo3_pytorch_food/VOCdevkit/VOC2007/JPEGImages/gl_high4.jpg 279,372,305,397,0 283,411,304,432,0 280,446,298,460,0 281,475,298,489,0 286,504,298,519,0 423,365,446,390,0 428,409,444,429,0 429,451,445,465,0 431,484,442,500,0 431,529,443,543,0 269,361,318,534,1 414,350,458,561,1
D:\GitHub\yolo3_pytorch_food/VOCdevkit/VOC2007/JPEGImages/gl_high5.jpg 255,379,277,398,0 301,384,320,399,0 350,388,367,402,0 392,386,408,400,0 442,390,456,404,0 256,506,281,532,0 302,506,324,530,0 344,505,361,530,0 378,507,392,526,0 414,510,428,525,0 245,366,469,418,1 246,495,442,538,1
D:\GitHub\yolo3_pytorch_food/VOCdevkit/VOC2007/JPEGImages/gl_high6.jpg 253,379,275,399,0 298,386,319,403,0 344,385,359,403,0 390,391,402,407,0 437,394,451,409,0 242,502,274,531,0 290,505,314,530,0 330,512,350,528,0 366,516,381,531,0 400,515,416,529,0 240,369,465,425,1 230,491,430,545,1
D:\GitHub\yolo3_pytorch_food/VOCdevkit/VOC2007/JPEGImages/gl_high7.jpg 302,384,322,402,0 256,377,277,402,0 350,385,367,401,0 396,390,414,405,0 443,390,461,406,0 256,506,285,535,0 303,506,325,530,0 344,507,363,529,0 380,507,396,528,0 412,512,427,526,0 240,366,476,420,1 243,493,438,538,1
D:\GitHub\yolo3_pytorch_food/VOCdevkit/VOC2007/JPEGImages/gl_high8.jpg 242,374,264,398,0 286,380,307,400,0 336,381,356,403,0 381,384,394,402,0 430,390,443,406,0 238,498,267,530,0 286,505,304,528,0 326,505,342,530,0 358,501,375,525,0 393,509,411,527,0 225,358,459,418,1 224,488,430,540,1
D:\GitHub\yolo3_pytorch_food/VOCdevkit/VOC2007/JPEGImages/gl_high9.jpg 224,377,248,403,0 267,384,295,405,0 317,384,335,400,0 367,385,387,402,0 411,385,431,402,0 227,504,258,533,0 275,511,298,532,0 316,507,335,528,0 348,511,365,527,0 386,510,404,528,0 218,366,447,420,1 218,496,424,545,1
D:\GitHub\yolo3_pytorch_food/VOCdevkit/VOC2007/JPEGImages/ste_high1.jpg 296,576,338,627,2 294,518,331,560,2 322,477,355,511,2 336,419,356,443,2 334,374,354,392,2 277,352,369,643,3
D:\GitHub\yolo3_pytorch_food/VOCdevkit/VOC2007/JPEGImages/ste_high10.jpg 362,294,398,350,2 363,363,391,399,2 346,417,379,445,2 346,482,371,503,2 344,533,365,554,2 328,276,413,568,3
D:\GitHub\yolo3_pytorch_food/VOCdevkit/VOC2007/JPEGImages/ste_high2.jpg 318,576,356,628,2 316,521,349,557,2 341,475,376,510,2 359,426,377,445,2 360,379,378,395,2 296,347,391,643,3
D:\GitHub\yolo3_pytorch_food/VOCdevkit/VOC2007/JPEGImages/ste_high3.jpg 263,575,308,634,2 261,519,291,564,2 293,478,319,515,2 300,422,319,445,2 303,373,320,396,2 240,352,339,647,3
D:\GitHub\yolo3_pytorch_food/VOCdevkit/VOC2007/JPEGImages/ste_high4.jpg 311,580,356,638,2 314,526,342,567,2 339,478,372,516,2 354,432,369,450,2 351,381,364,402,2 292,354,399,654,3
D:\GitHub\yolo3_pytorch_food/VOCdevkit/VOC2007/JPEGImages/ste_high5.jpg 296,590,335,640,2 294,529,326,574,2 320,483,355,521,2 333,434,354,451,2 345,384,364,405,2 271,352,381,655,3
D:\GitHub\yolo3_pytorch_food/VOCdevkit/VOC2007/JPEGImages/ste_high6.jpg 343,277,388,337,2 363,354,394,392,2 336,404,372,436,2 350,469,369,490,2 348,515,364,533,2 316,256,407,546,3
D:\GitHub\yolo3_pytorch_food/VOCdevkit/VOC2007/JPEGImages/ste_high7.jpg 369,287,405,340,2 383,360,416,395,2 359,406,391,443,2 360,475,387,494,2 359,524,380,540,2 339,258,426,555,3
D:\GitHub\yolo3_pytorch_food/VOCdevkit/VOC2007/JPEGImages/ste_high8.jpg 393,289,434,346,2 408,365,438,397,2 377,413,413,445,2 387,475,408,499,2 384,524,403,542,2 359,266,447,562,3
D:\GitHub\yolo3_pytorch_food/VOCdevkit/VOC2007/JPEGImages/ste_high9.jpg 375,282,411,342,2 376,362,409,394,2 369,412,397,440,2 369,478,392,499,2 373,524,393,546,2 356,261,424,569,3
